Nhập một số nguyên dương n: 7
Số nguyên dương bạn đã nhập là 7
S1 = 28
S2 = 2.5928571428571425
S3 = 2.8410726047677595
S4 = 1.8333333333333333